[
  {
    "id": 1,
    "name": "USA",
    "options": [
      {
        "id": 2,
        "name": "Colorado",
        "coordinates": {
          "type": "Feature",
          "properties": {
            "GEO_ID": "0500000US08031",
            "STATE": "08",
            "COUNTY": "031",
            "NAME": "Denver",
            "LSAD": "County",
            "CENSUSAREA": 153.0
          },
          "geometry": {
            "type": "MultiPolygon",
            "coordinates": [
              [
                [
                  [-104.934135, 39.700181],
                  [-104.932878, 39.700215],
                  [-104.931714, 39.700208],
                  [-104.931651, 39.698398],
                  [-104.933897, 39.698481],
                  [-104.934135, 39.700181]
                ]
              ],
              [
                [
                  [-104.89168, 39.682087],
                  [-104.893432, 39.682087],
                  [-104.893635, 39.67869],
                  [-104.894769, 39.678783],
                  [-104.90344, 39.678598],
                  [-104.903443, 39.684857],
                  [-104.903888, 39.680332],
                  [-104.90797, 39.680306],
                  [-104.907979, 39.679727],
                  [-104.906253, 39.678442],
                  [-104.903579, 39.676675],
                  [-104.90352, 39.674456],
                  [-104.903522, 39.671225],
                  [-104.903509, 39.667624],
                  [-104.900251, 39.66757],
                  [-104.898817, 39.667626],
                  [-104.893941, 39.667589],
                  [-104.893946, 39.667464],
                  [-104.893296, 39.666899],
                  [-104.890188, 39.664393],
                  [-104.888033, 39.665787],
                  [-104.889633, 39.666587],
                  [-104.892269, 39.668189],
                  [-104.890133, 39.667587],
                  [-104.884133, 39.667487],
                  [-104.881652, 39.665587],
                  [-104.879277, 39.663891],
                  [-104.876233, 39.663987],
                  [-104.875832, 39.669787],
                  [-104.878233, 39.672787],
                  [-104.87531, 39.672784],
                  [-104.875312, 39.672797],
                  [-104.875527, 39.674764],
                  [-104.874015, 39.674781],
                  [-104.870882, 39.674764],
                  [-104.868216, 39.672621],
                  [-104.866051, 39.670847],
                  [-104.866174, 39.667515],
                  [-104.866334, 39.660309],
                  [-104.864411, 39.660274],
                  [-104.858978, 39.66034],
                  [-104.855437, 39.660804],
                  [-104.854059, 39.660179],
                  [-104.848332, 39.659161],
                  [-104.847731, 39.656927],
                  [-104.847733, 39.656788],
                  [-104.847119, 39.65678],
                  [-104.847639, 39.656712],
                  [-104.852944, 39.655706],
                  [-104.856038, 39.654178],
                  [-104.856753, 39.653456],
                  [-104.857203, 39.653246],
                  [-104.875552, 39.644617],
                  [-104.876224, 39.644301],
                  [-104.876281, 39.651459],
                  [-104.877497, 39.653052],
                  [-104.88014, 39.653057],
                  [-104.880086, 39.650773],
                  [-104.880239, 39.645993],
                  [-104.880313, 39.645902],
                  [-104.880313, 39.643949],
                  [-104.880329, 39.641491],
                  [-104.885112, 39.639262],
                  [-104.885231, 39.631345],
                  [-104.88528, 39.627128],
                  [-104.885282, 39.624129],
                  [-104.888758, 39.624165],
                  [-104.889661, 39.6242],
                  [-104.892667, 39.624135],
                  [-104.894522, 39.624175],
                  [-104.899371, 39.624097],
                  [-104.901763, 39.623907],
                  [-104.90403, 39.623995],
                  [-104.906394, 39.624259],
                  [-104.913341, 39.624213],
                  [-104.913257, 39.638691],
                  [-104.920561, 39.644373],
                  [-104.922443, 39.645865],
                  [-104.931835, 39.646009],
                  [-104.931703, 39.653044],
                  [-104.940683, 39.653013],
                  [-104.955903, 39.652998],
                  [-104.954952, 39.655797],
                  [-104.953541, 39.655957],
                  [-104.954136, 39.656687],
                  [-104.959485, 39.656691],
                  [-104.95949, 39.656759],
                  [-104.959449, 39.660344],
                  [-104.959464, 39.661088],
                  [-104.959443, 39.661526],
                  [-104.963149, 39.66156],
                  [-104.963224, 39.66037],
                  [-104.967619, 39.660409],
                  [-104.968785, 39.660417],
                  [-104.968796, 39.666087],
                  [-104.97344, 39.665822],
                  [-104.97345, 39.666315],
                  [-104.973488, 39.66661],
                  [-104.973486, 39.667684],
                  [-104.973569, 39.667678],
                  [-104.973944, 39.667687],
                  [-104.978292, 39.667698],
                  [-104.982835, 39.667696],
                  [-104.987572, 39.667682],
                  [-104.991132, 39.667674],
                  [-104.996193, 39.667782],
                  [-104.999906, 39.667884],
                  [-105.004245, 39.666359],
                  [-105.004882, 39.660455],
                  [-105.010665, 39.660507],
                  [-105.007717, 39.66422],
                  [-105.006471, 39.666913],
                  [-105.006576, 39.676778],
                  [-105.008637, 39.67678],
                  [-105.008664, 39.678627],
                  [-105.015696, 39.678684],
                  [-105.015699, 39.671795],
                  [-105.015715, 39.668545],
                  [-105.015722, 39.666947],
                  [-105.015773, 39.663729],
                  [-105.0158, 39.660508],
                  [-105.022982, 39.660526],
                  [-105.023003, 39.65683],
                  [-105.025184, 39.656816],
                  [-105.030838, 39.657187],
                  [-105.032038, 39.657087],
                  [-105.032038, 39.656687],
                  [-105.032094, 39.655726],
                  [-105.032115, 39.655055],
                  [-105.032093, 39.653277],
                  [-105.034017, 39.653465],
                  [-105.034631, 39.651426],
                  [-105.034646, 39.646921],
                  [-105.034659, 39.643991],
                  [-105.031238, 39.643987],
                  [-105.029979, 39.642245],
                  [-105.029998, 39.638575],
                  [-105.034707, 39.638593],
                  [-105.034739, 39.635089],
                  [-105.034752, 39.63359],
                  [-105.030057, 39.633492],
                  [-105.029563, 39.632355],
                  [-105.02536, 39.631445],
                  [-105.025369, 39.628598],
                  [-105.027023, 39.628389],
                  [-105.027608, 39.62824],
                  [-105.034821, 39.628098],
                  [-105.034822, 39.627809],
                  [-105.038005, 39.626836],
                  [-105.041839, 39.627887],
                  [-105.042314, 39.628194],
                  [-105.042906, 39.62763],
                  [-105.044048, 39.628016],
                  [-105.044339, 39.631587],
                  [-105.0457, 39.631587],
                  [-105.053411, 39.631586],
                  [-105.053216, 39.63568],
                  [-105.053333, 39.638893],
                  [-105.058251, 39.638887],
                  [-105.059431, 39.638812],
                  [-105.059297, 39.634333],
                  [-105.057009, 39.631679],
                  [-105.053457, 39.629526],
                  [-105.053351, 39.626598],
                  [-105.053439, 39.621423],
                  [-105.057151, 39.621585],
                  [-105.057605, 39.620926],
                  [-105.05636, 39.619865],
                  [-105.058573, 39.617753],
                  [-105.058658, 39.617211],
                  [-105.058693, 39.616784],
                  [-105.058733, 39.616371],
                  [-105.058934, 39.614945],
                  [-105.059305, 39.614337],
                  [-105.064199, 39.614574],
                  [-105.069925, 39.614424],
                  [-105.072924, 39.614539],
                  [-105.091405, 39.614455],
                  [-105.09691, 39.614515],
                  [-105.096955, 39.617969],
                  [-105.092839, 39.618327],
                  [-105.091362, 39.618336],
                  [-105.075873, 39.618508],
                  [-105.074796, 39.618511],
                  [-105.074518, 39.61852],
                  [-105.065141, 39.618585],
                  [-105.06505, 39.619779],
                  [-105.066141, 39.620731],
                  [-105.076594, 39.624378],
                  [-105.075132, 39.62451],
                  [-105.081685, 39.631872],
                  [-105.081741, 39.627568],
                  [-105.083897, 39.627582],
                  [-105.083939, 39.629282],
                  [-105.085489, 39.629217],
                  [-105.0855, 39.626465],
                  [-105.087647, 39.626463],
                  [-105.08834, 39.627287],
                  [-105.089988, 39.627286],
                  [-105.09121, 39.627291],
                  [-105.091216, 39.624983],
                  [-105.091256, 39.624198],
                  [-105.094461, 39.624195],
                  [-105.098516, 39.624222],
                  [-105.102693, 39.624224],
                  [-105.1086, 39.624208],
                  [-105.10859, 39.626987],
                  [-105.109927, 39.626988],
                  [-105.109883, 39.629897],
                  [-105.109893, 39.632676],
                  [-105.109901, 39.63404],
                  [-105.109902, 39.634263],
                  [-105.109887, 39.634485],
                  [-105.109874, 39.635186],
                  [-105.109814, 39.635188],
                  [-105.100841, 39.635187],
                  [-105.099958, 39.635038],
                  [-105.099708, 39.635011],
                  [-105.099641, 39.634987],
                  [-105.091582, 39.635178],
                  [-105.091577, 39.638729],
                  [-105.0911, 39.638719],
                  [-105.087804, 39.638695],
                  [-105.081676, 39.638759],
                  [-105.081716, 39.636867],
                  [-105.081657, 39.636302],
                  [-105.080629, 39.6368],
                  [-105.073951, 39.636831],
                  [-105.073985, 39.638739],
                  [-105.076803, 39.638735],
                  [-105.074454, 39.644104],
                  [-105.072049, 39.645815],
                  [-105.072042, 39.64609],
                  [-105.063539, 39.645988],
                  [-105.063422, 39.649619],
                  [-105.063399, 39.65008],
                  [-105.062614, 39.650086],
                  [-105.057345, 39.649984],
                  [-105.057257, 39.651723],
                  [-105.054513, 39.65176],
                  [-105.057215, 39.652946],
                  [-105.058839, 39.651387],
                  [-105.062137, 39.651384],
                  [-105.063926, 39.64962],
                  [-105.063924, 39.649566],
                  [-105.070953, 39.650411],
                  [-105.067026, 39.653327],
                  [-105.06697, 39.653494],
                  [-105.067045, 39.656587],
                  [-105.070727, 39.656594],
                  [-105.071617, 39.659995],
                  [-105.077642, 39.658779],
                  [-105.077338, 39.660389],
                  [-105.081454, 39.662074],
                  [-105.081455, 39.665551],
                  [-105.081451, 39.667743],
                  [-105.081457, 39.668577],
                  [-105.081332, 39.670751],
                  [-105.072204, 39.669521],
                  [-105.072179, 39.667763],
                  [-105.071509, 39.667764],
                  [-105.067297, 39.667775],
                  [-105.062962, 39.667783],
                  [-105.053256, 39.667785],
                  [-105.053261, 39.67328],
                  [-105.053234, 39.674299],
                  [-105.05325, 39.674989],
                  [-105.062734, 39.674985],
                  [-105.062891, 39.675853],
                  [-105.062777, 39.679441],
                  [-105.060732, 39.678279],
                  [-105.058175, 39.678666],
                  [-105.058034, 39.682275],
                  [-105.057912, 39.682276],
                  [-105.057265, 39.682272],
                  [-105.053221, 39.682291],
                  [-105.053191, 39.682397],
                  [-105.053183, 39.683498],
                  [-105.053194, 39.685999],
                  [-105.053266, 39.689559],
                  [-105.053194, 39.691364],
                  [-105.053212, 39.692542],
                  [-105.053194, 39.693176],
                  [-105.053225, 39.696769],
                  [-105.053225, 39.696889],
                  [-105.053245, 39.703268],
                  [-105.053246, 39.705814],
                  [-105.053252, 39.707716],
                  [-105.05325, 39.711343],
                  [-105.053271, 39.715004],
                  [-105.053278, 39.718627],
                  [-105.053271, 39.720414],
                  [-105.053259, 39.724083],
                  [-105.05324, 39.725441],
                  [-105.053253, 39.7258],
                  [-105.053253, 39.725828],
                  [-105.053227, 39.73311],
                  [-105.055574, 39.734508],
                  [-105.055567, 39.734977],
                  [-105.053228, 39.734965],
                  [-105.053206, 39.74036],
                  [-105.053211, 39.743486],
                  [-105.053212, 39.74398],
                  [-105.053219, 39.747616],
                  [-105.053227, 39.751249],
                  [-105.053236, 39.754848],
                  [-105.053239, 39.758472],
                  [-105.053244, 39.762084],
                  [-105.053241, 39.763903],
                  [-105.053243, 39.764814],
                  [-105.05324, 39.769333],
                  [-105.053241, 39.772938],
                  [-105.053241, 39.774763],
                  [-105.053245, 39.776583],
                  [-105.053208, 39.780205],
                  [-105.053184, 39.783533],
                  [-105.053183, 39.783797],
                  [-105.062659, 39.783847],
                  [-105.062944, 39.788087],
                  [-105.065083, 39.788086],
                  [-105.064541, 39.79108],
                  [-105.053246, 39.791063],
                  [-105.034618, 39.791142],
                  [-105.034642, 39.79187],
                  [-105.029982, 39.79188],
                  [-105.030038, 39.791086],
                  [-105.02519, 39.790933],
                  [-105.025112, 39.791361],
                  [-105.025149, 39.794003],
                  [-105.021339, 39.793984],
                  [-105.020787, 39.791089],
                  [-105.015832, 39.791072],
                  [-105.006416, 39.791049],
                  [-104.997789, 39.791097],
                  [-104.997436, 39.791186],
                  [-104.996736, 39.791086],
                  [-104.990809, 39.792139],
                  [-104.988835, 39.791086],
                  [-104.97595, 39.791038],
                  [-104.976057, 39.792301],
                  [-104.973235, 39.79247],
                  [-104.973245, 39.794131],
                  [-104.974838, 39.794226],
                  [-104.974847, 39.79561],
                  [-104.973243, 39.796302],
                  [-104.973143, 39.798292],
                  [-104.968716, 39.798396],
                  [-104.968765, 39.79384],
                  [-104.966636, 39.793837],
                  [-104.968861, 39.790974],
                  [-104.960638, 39.790979],
                  [-104.959195, 39.791975],
                  [-104.955624, 39.794686],
                  [-104.949658, 39.794687],
                  [-104.940534, 39.794786],
                  [-104.940743, 39.791642],
                  [-104.940534, 39.791086],
                  [-104.939882, 39.790994],
                  [-104.931646, 39.791047],
                  [-104.927034, 39.791054],
                  [-104.927002, 39.783778],
                  [-104.922274, 39.783776],
                  [-104.912502, 39.783817],
                  [-104.903633, 39.784086],
                  [-104.90371, 39.787546],
                  [-104.903535, 39.787788],
                  [-104.903425, 39.788188],
                  [-104.903561, 39.798391],
                  [-104.901405, 39.798383],
                  [-104.900452, 39.798377],
                  [-104.900394, 39.801135],
                  [-104.896933, 39.801159],
                  [-104.896905, 39.798364],
                  [-104.896191, 39.798344],
                  [-104.884746, 39.798322],
                  [-104.884585, 39.812975],
                  [-104.866075, 39.812986],
                  [-104.866041, 39.798386],
                  [-104.849342, 39.798347],
                  [-104.847181, 39.798236],
                  [-104.835498, 39.798107],
                  [-104.829131, 39.798059],
                  [-104.827186, 39.798216],
                  [-104.820038, 39.79826],
                  [-104.809632, 39.798318],
                  [-104.807561, 39.798306],
                  [-104.790895, 39.798251],
                  [-104.790859, 39.842009],
                  [-104.772069, 39.841916],
                  [-104.762184, 39.841873],
                  [-104.762139, 39.845444],
                  [-104.753061, 39.845409],
                  [-104.732138, 39.845086],
                  [-104.73155, 39.898611],
                  [-104.705568, 39.89849],
                  [-104.705375, 39.906418],
                  [-104.692606, 39.906614],
                  [-104.692934, 39.914183],
                  [-104.680261, 39.914247],
                  [-104.680213, 39.906599],
                  [-104.67808, 39.906584],
                  [-104.659163, 39.906414],
                  [-104.64037, 39.906241],
                  [-104.633858, 39.906067],
                  [-104.633969, 39.899289],
                  [-104.607003, 39.899413],
                  [-104.600435, 39.899459],
                  [-104.600302, 39.882289],
                  [-104.605853, 39.882245],
                  [-104.605791, 39.873827],
                  [-104.619841, 39.873767],
                  [-104.619906, 39.826633],
                  [-104.621524, 39.826678],
                  [-104.627438, 39.826888],
                  [-104.627625, 39.826883],
                  [-104.639646, 39.826898],
                  [-104.639673, 39.822552],
                  [-104.655511, 39.82247],
                  [-104.655455, 39.814048],
                  [-104.659123, 39.814033],
                  [-104.666196, 39.814005],
                  [-104.666277, 39.82285],
                  [-104.716084, 39.823207],
                  [-104.753373, 39.823047],
                  [-104.76247, 39.82298],
                  [-104.762901, 39.813038],
                  [-104.762698, 39.805615],
                  [-104.762606, 39.798433],
                  [-104.753608, 39.798463],
                  [-104.734399, 39.798442],
                  [-104.734492, 39.785355],
                  [-104.734641, 39.782918],
                  [-104.73454, 39.782739],
                  [-104.734527, 39.782318],
                  [-104.734533, 39.781735],
                  [-104.734534, 39.78173],
                  [-104.734558, 39.780075],
                  [-104.73454, 39.77965],
                  [-104.734578, 39.775807],
                  [-104.734601, 39.769268],
                  [-104.734601, 39.769181],
                  [-104.735816, 39.769412],
                  [-104.753399, 39.769487],
                  [-104.760799, 39.769487],
                  [-104.763126, 39.769489],
                  [-104.76322, 39.771276],
                  [-104.767627, 39.771687],
                  [-104.772166, 39.771466],
                  [-104.772149, 39.776684],
                  [-104.781827, 39.776486],
                  [-104.781727, 39.773387],
                  [-104.809879, 39.773187],
                  [-104.809907, 39.773186],
                  [-104.827491, 39.773184],
                  [-104.828229, 39.773174],
                  [-104.828131, 39.772371],
                  [-104.828029, 39.771494],
                  [-104.828171, 39.76996],
                  [-104.828286, 39.769539],
                  [-104.828323, 39.769156],
                  [-104.833009, 39.769177],
                  [-104.832961, 39.766195],
                  [-104.837596, 39.767267],
                  [-104.856377, 39.768673],
                  [-104.856623, 39.768337],
                  [-104.856431, 39.758387],
                  [-104.846915, 39.755383],
                  [-104.846914, 39.755293],
                  [-104.846932, 39.754889],
                  [-104.854038, 39.754985],
                  [-104.865943, 39.754888],
                  [-104.875194, 39.754846],
                  [-104.877886, 39.754846],
                  [-104.880243, 39.754631],
                  [-104.879956, 39.749287],
                  [-104.880138, 39.747428],
                  [-104.883429, 39.747431],
                  [-104.884664, 39.747467],
                  [-104.884652, 39.743807],
                  [-104.884646, 39.740156],
                  [-104.884659, 39.737274],
                  [-104.884679, 39.735635],
                  [-104.88468, 39.735625],
                  [-104.884708, 39.732846],
                  [-104.884775, 39.731806],
                  [-104.884735, 39.730831],
                  [-104.885025, 39.730312],
                  [-104.8857, 39.729765],
                  [-104.886613, 39.729219],
                  [-104.884732, 39.727887],
                  [-104.88258, 39.725661],
                  [-104.87533, 39.725576],
                  [-104.87534, 39.720134],
                  [-104.87534, 39.719711],
                  [-104.874041, 39.718178],
                  [-104.870831, 39.718176],
                  [-104.870653, 39.710169],
                  [-104.865971, 39.711053],
                  [-104.865967, 39.704318],
                  [-104.868131, 39.703284],
                  [-104.868493, 39.703147],
                  [-104.870648, 39.700535],
                  [-104.870662, 39.698475],
                  [-104.865964, 39.699086],
                  [-104.865962, 39.696559],
                  [-104.873004, 39.696469],
                  [-104.875309, 39.696505],
                  [-104.875316, 39.697996],
                  [-104.877698, 39.697988],
                  [-104.877611, 39.696506],
                  [-104.882097, 39.696569],
                  [-104.882315, 39.696483],
                  [-104.885773, 39.696523],
                  [-104.887248, 39.696566],
                  [-104.888186, 39.696567],
                  [-104.891783, 39.696581],
                  [-104.891715, 39.69659],
                  [-104.897402, 39.69627],
                  [-104.903544, 39.698535],
                  [-104.903524, 39.696641],
                  [-104.90258, 39.695571],
                  [-104.899964, 39.692818],
                  [-104.90351, 39.692581],
                  [-104.903512, 39.689354],
                  [-104.89881, 39.689341],
                  [-104.8967, 39.689311],
                  [-104.898332, 39.69259],
                  [-104.8936, 39.692702],
                  [-104.893542, 39.6927],
                  [-104.893542, 39.692654],
                  [-104.89355, 39.685864],
                  [-104.893635, 39.685687],
                  [-104.893395, 39.685693],
                  [-104.893383, 39.685694],
                  [-104.891433, 39.685587],
                  [-104.888933, 39.685587],
                  [-104.888931, 39.682504],
                  [-104.889136, 39.681988],
                  [-104.89168, 39.682087]
                ],
                [
                  [-104.904049, 39.625436],
                  [-104.904032, 39.624116],
                  [-104.902759, 39.624108],
                  [-104.903755, 39.626688],
                  [-104.904049, 39.625436]
                ],
                [
                  [-104.899734, 39.624132],
                  [-104.899458, 39.624521],
                  [-104.900141, 39.624518],
                  [-104.900143, 39.624127],
                  [-104.899734, 39.624132]
                ],
                [
                  [-104.89819, 39.683536],
                  [-104.898333, 39.685587],
                  [-104.901731, 39.685586],
                  [-104.898132, 39.682788],
                  [-104.89819, 39.683536]
                ],
                [
                  [-105.081599, 39.635613],
                  [-105.08153, 39.635533],
                  [-105.081772, 39.63535],
                  [-105.081959, 39.63517],
                  [-105.081795, 39.635117],
                  [-105.081564, 39.634728],
                  [-105.080803, 39.634723],
                  [-105.080907, 39.635605],
                  [-105.081599, 39.635613]
                ],
                [
                  [-104.927935, 39.67033],
                  [-104.931641, 39.673374],
                  [-104.934218, 39.673388],
                  [-104.933471, 39.667472],
                  [-104.931622, 39.667473],
                  [-104.930436, 39.667471],
                  [-104.927935, 39.67033]
                ],
                [
                  [-104.940694, 39.700189],
                  [-104.940738, 39.697956],
                  [-104.940278, 39.697949],
                  [-104.940271, 39.698199],
                  [-104.93871, 39.698182],
                  [-104.938635, 39.696605],
                  [-104.940612, 39.69657],
                  [-104.940633, 39.694755],
                  [-104.936213, 39.694782],
                  [-104.936233, 39.696599],
                  [-104.936428, 39.698394],
                  [-104.933893, 39.698442],
                  [-104.933914, 39.697917],
                  [-104.93397, 39.697809],
                  [-104.934027, 39.6966],
                  [-104.931735, 39.696601],
                  [-104.929868, 39.696594],
                  [-104.927864, 39.696654],
                  [-104.928578, 39.700221],
                  [-104.931654, 39.700221],
                  [-104.932868, 39.702182],
                  [-104.931423, 39.703789],
                  [-104.930257, 39.703838],
                  [-104.926924, 39.7036],
                  [-104.92955, 39.705079],
                  [-104.929543, 39.708529],
                  [-104.926983, 39.708111],
                  [-104.93153, 39.709088],
                  [-104.931648, 39.711098],
                  [-104.940687, 39.711221],
                  [-104.940738, 39.706344],
                  [-104.940691, 39.703813],
                  [-104.940731, 39.701849],
                  [-104.940694, 39.700189]
                ],
                [
                  [-104.92225, 39.674833],
                  [-104.922265, 39.675575],
                  [-104.92226, 39.675642],
                  [-104.925756, 39.676652],
                  [-104.925748, 39.674958],
                  [-104.930242, 39.674832],
                  [-104.926441, 39.669372],
                  [-104.922638, 39.667578],
                  [-104.920733, 39.667575],
                  [-104.920707, 39.66758],
                  [-104.920283, 39.668124],
                  [-104.919903, 39.667958],
                  [-104.920003, 39.667581],
                  [-104.922231, 39.666979],
                  [-104.92217, 39.6639],
                  [-104.921233, 39.660517],
                  [-104.916642, 39.658775],
                  [-104.914794, 39.655862],
                  [-104.912829, 39.656536],
                  [-104.91297, 39.657957],
                  [-104.912822, 39.658751],
                  [-104.912806, 39.662856],
                  [-104.916281, 39.663259],
                  [-104.916591, 39.667589],
                  [-104.917564, 39.667568],
                  [-104.917601, 39.673104],
                  [-104.920773, 39.674866],
                  [-104.92107, 39.674686],
                  [-104.92225, 39.674833]
                ]
              ]
            ]
          }
        },
        "options": [
          {
            "id": 11,
            "name": "POS",
            "options": [
              {
                "id": 112,
                "name": "T1",
                "options": [
                  { "id": 113, "name": "G1", "options": [] },
                  { "id": 114, "name": "G2", "options": [] }
                ]
              },
              {
                "id": 115,
                "name": "T2",
                "options": [
                  { "id": 116, "name": "G1", "options": [] },
                  { "id": 117, "name": "G2", "options": [] }
                ]
              }
            ]
          },
          {
            "id": 3,
            "name": "DEN",
            "options": [
              {
                "id": 5,
                "name": "T1",
                "options": [
                  { "id": 6, "name": "G1", "options": [] },
                  { "id": 7, "name": "G2", "options": [] }
                ]
              },
              {
                "id": 8,
                "name": "T2",
                "options": [
                  { "id": 9, "name": "G1", "options": [] },
                  { "id": 10, "name": "G2", "options": [] }
                ]
              }
            ]
          },
          {
            "id": 20,
            "name": "GJT",
            "options": [
              { "id": 23, "name": "Gate 1", "options": [] },
              { "id": 24, "name": "Gate 2", "options": [] }
            ]
          }
        ]
      },
      {
        "id": 1002,
        "name": "Georgia",
        "coordinates": {
          "type": "Feature",
          "properties": {
            "GEO_ID": "0500000US34001",
            "STATE": "34",
            "COUNTY": "001",
            "NAME": "Atlantic",
            "LSAD": "County",
            "CENSUSAREA": 555.704
          },
          "geometry": {
            "type": "Polygon",
            "coordinates": [
              [
                [-74.423145, 39.357317],
                [-74.430837, 39.354742],
                [-74.432354, 39.354234],
                [-74.440272, 39.351584],
                [-74.444273, 39.350245],
                [-74.448009, 39.348994],
                [-74.45216, 39.347605],
                [-74.455317, 39.346548],
                [-74.456558, 39.346133],
                [-74.459894, 39.345016],
                [-74.46101, 39.344454],
                [-74.464119, 39.342886],
                [-74.468656, 39.3406],
                [-74.469473, 39.340188],
                [-74.474978, 39.337414],
                [-74.476841, 39.336475],
                [-74.480749, 39.334505],
                [-74.481764, 39.333993],
                [-74.484943, 39.332391],
                [-74.490036, 39.329824],
                [-74.501495, 39.324049],
                [-74.507373, 39.321086],
                [-74.515687, 39.316895],
                [-74.520165, 39.314638],
                [-74.521797, 39.313816],
                [-74.527397, 39.309947],
                [-74.541443, 39.300245],
                [-74.542481, 39.301069],
                [-74.542962, 39.301647],
                [-74.544457, 39.302324],
                [-74.548156, 39.302166],
                [-74.552779, 39.300382],
                [-74.556858, 39.298823],
                [-74.562372, 39.298422],
                [-74.568107, 39.299079],
                [-74.571317, 39.300402],
                [-74.573325, 39.301618],
                [-74.58369, 39.308859],
                [-74.586396, 39.309895],
                [-74.58665, 39.309931],
                [-74.591766, 39.309343],
                [-74.596897, 39.306414],
                [-74.598797, 39.305196],
                [-74.618004, 39.293522],
                [-74.620612, 39.292598],
                [-74.624077, 39.292393],
                [-74.626025, 39.292847],
                [-74.632779, 39.295125],
                [-74.640088, 39.29599],
                [-74.643408, 39.295492],
                [-74.647375, 39.292821],
                [-74.650259, 39.289062],
                [-74.653148, 39.288607],
                [-74.65823, 39.289979],
                [-74.659082, 39.291091],
                [-74.659247, 39.292242],
                [-74.657555, 39.295741],
                [-74.657747, 39.297012],
                [-74.659078, 39.297424],
                [-74.664909, 39.297321],
                [-74.667914, 39.297613],
                [-74.670329, 39.296505],
                [-74.670779, 39.292225],
                [-74.672325, 39.289607],
                [-74.674029, 39.289114],
                [-74.67512, 39.290323],
                [-74.673806, 39.293163],
                [-74.674285, 39.295344],
                [-74.676116, 39.297221],
                [-74.677355, 39.297288],
                [-74.679144, 39.295999],
                [-74.680349, 39.294148],
                [-74.682643, 39.293626],
                [-74.685371, 39.294295],
                [-74.688143, 39.293236],
                [-74.690694, 39.290769],
                [-74.692136, 39.290416],
                [-74.694649, 39.291087],
                [-74.698224, 39.289232],
                [-74.700461, 39.290778],
                [-74.701415, 39.293792],
                [-74.702658, 39.294702],
                [-74.705869, 39.293743],
                [-74.707823, 39.29076],
                [-74.709393, 39.291925],
                [-74.709647, 39.294831],
                [-74.711778, 39.294956],
                [-74.713963, 39.291944],
                [-74.716667, 39.292121],
                [-74.718167, 39.292968],
                [-74.720069, 39.294938],
                [-74.718675, 39.297936],
                [-74.720217, 39.298742],
                [-74.726555, 39.296083],
                [-74.728221, 39.296381],
                [-74.730367, 39.298215],
                [-74.731917, 39.298572],
                [-74.736956, 39.298498],
                [-74.739891, 39.296176],
                [-74.741827, 39.295402],
                [-74.744288, 39.295427],
                [-74.746385, 39.294708],
                [-74.752268, 39.29506],
                [-74.752983, 39.297748],
                [-74.754177, 39.298851],
                [-74.756743, 39.299458],
                [-74.758986, 39.299038],
                [-74.761418, 39.29716],
                [-74.764139, 39.296425],
                [-74.766151, 39.298838],
                [-74.77067, 39.299485],
                [-74.773108, 39.300994],
                [-74.7781, 39.299007],
                [-74.778973, 39.299213],
                [-74.777315, 39.302186],
                [-74.77764, 39.303222],
                [-74.779202, 39.304674],
                [-74.784669, 39.307167],
                [-74.786522, 39.306602],
                [-74.790421, 39.307401],
                [-74.79335, 39.305018],
                [-74.79466, 39.306883],
                [-74.798276, 39.306602],
                [-74.80014, 39.30841],
                [-74.803709, 39.307298],
                [-74.807529, 39.304735],
                [-74.809449, 39.306092],
                [-74.814146, 39.306312],
                [-74.818703, 39.306113],
                [-74.82038, 39.306989],
                [-74.822675, 39.306719],
                [-74.823895, 39.305285],
                [-74.824976, 39.305283],
                [-74.830062, 39.309063],
                [-74.831303, 39.31094],
                [-74.834963, 39.3126],
                [-74.837815, 39.314954],
                [-74.840376, 39.314774],
                [-74.843715, 39.315951],
                [-74.850922, 39.316258],
                [-74.855098, 39.318273],
                [-74.860977, 39.319625],
                [-74.861073, 39.323768],
                [-74.863969, 39.328175],
                [-74.864511, 39.332617],
                [-74.864039, 39.335961],
                [-74.864925, 39.338559],
                [-74.863244, 39.341936],
                [-74.863959, 39.343124],
                [-74.863599, 39.345557],
                [-74.862103, 39.348028],
                [-74.862194, 39.349068],
                [-74.859553, 39.355496],
                [-74.85991, 39.360803],
                [-74.859812, 39.361847],
                [-74.855401, 39.369972],
                [-74.853499, 39.372126],
                [-74.852002, 39.377482],
                [-74.852062, 39.380829],
                [-74.852515, 39.384513],
                [-74.853471, 39.38616],
                [-74.856044, 39.390219],
                [-74.858277, 39.395547],
                [-74.857436, 39.397931],
                [-74.858054, 39.401122],
                [-74.857058, 39.403408],
                [-74.854538, 39.405732],
                [-74.852933, 39.40938],
                [-74.852665, 39.411704],
                [-74.853092, 39.414983],
                [-74.856061, 39.418251],
                [-74.857055, 39.420691],
                [-74.857509, 39.423111],
                [-74.855959, 39.424469],
                [-74.896626, 39.452953],
                [-74.921597, 39.470378],
                [-74.927045, 39.474169],
                [-74.944075, 39.485978],
                [-74.963607, 39.499452],
                [-74.964804, 39.500444],
                [-74.972075, 39.505469],
                [-74.97436, 39.507065],
                [-74.982833, 39.513111],
                [-74.985223, 39.514802],
                [-74.970251, 39.527958],
                [-74.956381, 39.540116],
                [-74.956022, 39.540431],
                [-74.937303, 39.556558],
                [-74.926204, 39.566024],
                [-74.911566, 39.57862],
                [-74.896367, 39.591774],
                [-74.893026, 39.594644],
                [-74.884346, 39.602076],
                [-74.882318, 39.603833],
                [-74.877189, 39.608288],
                [-74.859134, 39.624094],
                [-74.82952, 39.64959],
                [-74.827697, 39.651164],
                [-74.820659, 39.657227],
                [-74.801051, 39.674102],
                [-74.749272, 39.718525],
                [-74.736309, 39.729909],
                [-74.73267, 39.727639],
                [-74.732618, 39.727607],
                [-74.724215, 39.72229],
                [-74.675816, 39.691409],
                [-74.6758, 39.69131],
                [-74.674789, 39.688997],
                [-74.67276, 39.68641],
                [-74.67007, 39.685415],
                [-74.669112, 39.68386],
                [-74.666272, 39.681416],
                [-74.665203, 39.679684],
                [-74.664418, 39.67662],
                [-74.664621, 39.674121],
                [-74.660434, 39.668806],
                [-74.658275, 39.65723],
                [-74.659312, 39.655304],
                [-74.658688, 39.653557],
                [-74.660286, 39.652386],
                [-74.658472, 39.651695],
                [-74.658099, 39.648884],
                [-74.659287, 39.646733],
                [-74.657129, 39.644743],
                [-74.65751, 39.642761],
                [-74.65947, 39.64034],
                [-74.658438, 39.636274],
                [-74.659377, 39.631412],
                [-74.656153, 39.631327],
                [-74.654547, 39.630043],
                [-74.65463, 39.626809],
                [-74.652939, 39.626527],
                [-74.650656, 39.628629],
                [-74.647719, 39.62801],
                [-74.648013, 39.625044],
                [-74.643688, 39.625912],
                [-74.641133, 39.625731],
                [-74.640724, 39.623106],
                [-74.639583, 39.622504],
                [-74.637496, 39.623358],
                [-74.635492, 39.627229],
                [-74.633054, 39.62739],
                [-74.631482, 39.624357],
                [-74.631642, 39.620967],
                [-74.628775, 39.620093],
                [-74.625789, 39.622061],
                [-74.624989, 39.625118],
                [-74.6235, 39.626582],
                [-74.621959, 39.626633],
                [-74.618254, 39.624577],
                [-74.615, 39.623299],
                [-74.613232, 39.623451],
                [-74.608473, 39.621362],
                [-74.603766, 39.618626],
                [-74.600543, 39.616399],
                [-74.596081, 39.614069],
                [-74.588785, 39.611878],
                [-74.587275, 39.610565],
                [-74.586558, 39.607476],
                [-74.585537, 39.605278],
                [-74.581043, 39.603721],
                [-74.578101, 39.600134],
                [-74.575553, 39.5983],
                [-74.569976, 39.598609],
                [-74.567011, 39.597172],
                [-74.564552, 39.59667],
                [-74.559492, 39.597109],
                [-74.555913, 39.598019],
                [-74.554036, 39.597696],
                [-74.54992, 39.59203],
                [-74.549342, 39.589991],
                [-74.547776, 39.588625],
                [-74.541231, 39.585343],
                [-74.542773, 39.58063],
                [-74.540997, 39.576407],
                [-74.538483, 39.574591],
                [-74.533787, 39.573656],
                [-74.533143, 39.573656],
                [-74.52931, 39.570051],
                [-74.527086, 39.569403],
                [-74.523485, 39.569301],
                [-74.521043, 39.570572],
                [-74.518148, 39.573173],
                [-74.514775, 39.57385],
                [-74.511858, 39.56976],
                [-74.509439, 39.5689],
                [-74.503903, 39.569354],
                [-74.500894, 39.564982],
                [-74.496162, 39.562734],
                [-74.494848, 39.557331],
                [-74.493531, 39.55642],
                [-74.490299, 39.556451],
                [-74.4864, 39.558537],
                [-74.48158, 39.557976],
                [-74.479558, 39.55597],
                [-74.477745, 39.552919],
                [-74.475104, 39.551383],
                [-74.471946, 39.552377],
                [-74.468675, 39.5552],
                [-74.465004, 39.556588],
                [-74.462861, 39.556385],
                [-74.460993, 39.554879],
                [-74.460142, 39.54985],
                [-74.458192, 39.547568],
                [-74.455944, 39.547188],
                [-74.454249, 39.548124],
                [-74.453132, 39.55025],
                [-74.453121, 39.55592],
                [-74.451833, 39.557962],
                [-74.44807, 39.559305],
                [-74.445829, 39.558617],
                [-74.443286, 39.555805],
                [-74.443862, 39.554069],
                [-74.446269, 39.549616],
                [-74.446284, 39.547872],
                [-74.444246, 39.54498],
                [-74.442293, 39.543418],
                [-74.439378, 39.54121],
                [-74.437009, 39.540841],
                [-74.435183, 39.541281],
                [-74.433742, 39.54274],
                [-74.433784, 39.545776],
                [-74.435518, 39.548277],
                [-74.438197, 39.550919],
                [-74.438822, 39.552251],
                [-74.438155, 39.553696],
                [-74.436089, 39.555109],
                [-74.432806, 39.555562],
                [-74.427712, 39.553122],
                [-74.425909, 39.553314],
                [-74.420686, 39.557242],
                [-74.417393, 39.557255],
                [-74.416119, 39.556023],
                [-74.416746, 39.550831],
                [-74.415841, 39.54945],
                [-74.410489, 39.547852],
                [-74.405781, 39.542391],
                [-74.4033, 39.540325],
                [-74.397682, 39.530397],
                [-74.380796, 39.498537],
                [-74.37777, 39.499121],
                [-74.360968, 39.502027],
                [-74.354214, 39.505572],
                [-74.337821, 39.506882],
                [-74.326382, 39.506332],
                [-74.321957, 39.505144],
                [-74.312451, 39.499869],
                [-74.313689, 39.493874],
                [-74.308344, 39.483945],
                [-74.304778, 39.482945],
                [-74.302184, 39.478935],
                [-74.304343, 39.471445],
                [-74.326366, 39.442928],
                [-74.328864, 39.439692],
                [-74.329799, 39.438482],
                [-74.334804, 39.432001],
                [-74.349082, 39.4187],
                [-74.350261, 39.417601],
                [-74.352684, 39.415344],
                [-74.353555, 39.414533],
                [-74.354081, 39.414043],
                [-74.355395, 39.412819],
                [-74.357022, 39.411303],
                [-74.357155, 39.411179],
                [-74.358956, 39.409502],
                [-74.362314, 39.406373],
                [-74.365981, 39.402957],
                [-74.36699, 39.402017],
                [-74.367584, 39.401651],
                [-74.373709, 39.39787],
                [-74.374375, 39.397459],
                [-74.383442, 39.391864],
                [-74.38885, 39.388527],
                [-74.397352, 39.38328],
                [-74.399978, 39.38166],
                [-74.406692, 39.377516],
                [-74.406792, 39.373916],
                [-74.407212, 39.371346],
                [-74.407408, 39.370146],
                [-74.407682, 39.368469],
                [-74.408237, 39.365071],
                [-74.411868, 39.361603],
                [-74.412692, 39.360816],
                [-74.414062, 39.360358],
                [-74.417952, 39.359055],
                [-74.423145, 39.357317]
              ]
            ]
          }
        },
        "options": [
          {
            "id": 1003,
            "name": "ATL",
            "options": [
              {
                "id": 1012,
                "name": "T1",
                "options": [
                  { "id": 1013, "name": "G1", "options": [] },
                  { "id": 1014, "name": "G2", "options": [] }
                ]
              },
              {
                "id": 1015,
                "name": "T2",
                "options": [
                  { "id": 1016, "name": "G1", "options": [] },
                  { "id": 1017, "name": "G2", "options": [] }
                ]
              }
            ]
          }
        ]
      },
      {
        "id": 1004,
        "name": "Texas",
        "coordinates": {
          "type": "Feature",
          "properties": {
            "GEO_ID": "0500000US19049",
            "STATE": "19",
            "COUNTY": "049",
            "NAME": "Dallas",
            "LSAD": "County",
            "CENSUSAREA": 588.447
          },
          "geometry": {
            "type": "Polygon",
            "coordinates": [
              [
                [-93.790527, 41.559065],
                [-93.790622, 41.5438],
                [-93.790527, 41.535493],
                [-93.790523, 41.535389],
                [-93.790523, 41.533385],
                [-93.790612, 41.511916],
                [-93.814623, 41.509926],
                [-93.816471, 41.509929],
                [-93.827468, 41.508833],
                [-93.858465, 41.506421],
                [-93.86475, 41.505705],
                [-93.874672, 41.505072],
                [-93.875918, 41.505091],
                [-93.897118, 41.503099],
                [-93.906605, 41.50314],
                [-93.925873, 41.503225],
                [-93.982211, 41.503263],
                [-93.985331, 41.503272],
                [-94.012762, 41.503191],
                [-94.051172, 41.503162],
                [-94.059575, 41.503156],
                [-94.080085, 41.503142],
                [-94.123452, 41.503173],
                [-94.125232, 41.503093],
                [-94.127172, 41.503103],
                [-94.132061, 41.503131],
                [-94.175178, 41.503362],
                [-94.204266, 41.50348],
                [-94.241593, 41.503679],
                [-94.241582, 41.508459],
                [-94.24146, 41.509794],
                [-94.241423, 41.517855],
                [-94.24142, 41.521485],
                [-94.241361, 41.576047],
                [-94.241356, 41.600971],
                [-94.280057, 41.601312],
                [-94.279995, 41.615286],
                [-94.279966, 41.622853],
                [-94.280012, 41.625383],
                [-94.280002, 41.62578],
                [-94.279917, 41.637116],
                [-94.279984, 41.6482],
                [-94.280496, 41.688326],
                [-94.28067, 41.731711],
                [-94.280724, 41.776568],
                [-94.280696, 41.790979],
                [-94.280535, 41.834405],
                [-94.280452, 41.856384],
                [-94.280444, 41.858979],
                [-94.28034, 41.862999],
                [-94.259869, 41.863051],
                [-94.250299, 41.863083],
                [-94.249289, 41.863154],
                [-94.203146, 41.863257],
                [-94.202626, 41.863326],
                [-94.17322, 41.863319],
                [-94.164138, 41.863244],
                [-94.120604, 41.863133],
                [-94.096437, 41.863105],
                [-94.048029, 41.863137],
                [-94.017895, 41.863114],
                [-93.993342, 41.863162],
                [-93.950511, 41.863293],
                [-93.931094, 41.863362],
                [-93.921861, 41.863358],
                [-93.91238, 41.863397],
                [-93.892711, 41.863686],
                [-93.875227, 41.863728],
                [-93.862986, 41.863435],
                [-93.862878, 41.863435],
                [-93.815527, 41.863419],
                [-93.815784, 41.853252],
                [-93.815589, 41.849452],
                [-93.815358, 41.845834],
                [-93.815048, 41.807097],
                [-93.815033, 41.804245],
                [-93.815032, 41.803985],
                [-93.814992, 41.798608],
                [-93.814892, 41.776928],
                [-93.814675, 41.761107],
                [-93.814609, 41.755639],
                [-93.81459, 41.752091],
                [-93.814579, 41.750882],
                [-93.814691, 41.750568],
                [-93.814629, 41.732275],
                [-93.814537, 41.717456],
                [-93.814507, 41.710167],
                [-93.814449, 41.703253],
                [-93.81441, 41.688432],
                [-93.814442, 41.677559],
                [-93.814456, 41.67294],
                [-93.814467, 41.664891],
                [-93.814411, 41.651608],
                [-93.814406, 41.651072],
                [-93.814337, 41.643847],
                [-93.814324, 41.633088],
                [-93.814424, 41.629488],
                [-93.814372, 41.62841],
                [-93.814322, 41.622059],
                [-93.814297, 41.614868],
                [-93.814265, 41.607844],
                [-93.814268, 41.603031],
                [-93.814282, 41.600456],
                [-93.800852, 41.600436],
                [-93.79424, 41.600407],
                [-93.790632, 41.600425],
                [-93.790602, 41.592167],
                [-93.790601, 41.5896],
                [-93.790547, 41.5844],
                [-93.790528, 41.577344],
                [-93.790526, 41.575358],
                [-93.790514, 41.563693],
                [-93.790527, 41.559065]
              ]
            ]
          }
        },
        "options": [
          {
            "id": 1100,
            "name": "DFW",
            "options": [
              {
                "id": 1120,
                "name": "T1",
                "options": [
                  { "id": 1130, "name": "G1", "options": [] },
                  { "id": 1140, "name": "G2", "options": [] }
                ]
              },
              {
                "id": 1150,
                "name": "T2",
                "options": [
                  { "id": 1160, "name": "G1", "options": [] },
                  { "id": 1170, "name": "G2", "options": [] }
                ]
              }
            ]
          }
        ]
      },
      {
        "id": 25,
        "name": "Florida",
        "options": [
          {
            "id": 26,
            "name": "MIA",
            "options": [
              { "id": 29, "name": "Gate D10", "options": [] },
              { "id": 30, "name": "Gate D11", "options": [] }
            ]
          }
        ]
      }
    ]
  }
 
]
